
W =0.15;

L1=50;
L2=40;
L3=30;

B = W*((L1^4)/8 + (40*L1^3)/6)*3/(90^3)